$ANSIBLE_VAULT;1.1;AES256
33383131623161313866653962336336383339303464316631653665666337663264323164376231
3239306532383034396531303635303936383764666266320a333434643361623739313935643439
38616637343466363438616534333835333539646231643062653562633163626365373337316132
3432346366316166610a326634666437306230373237323236623861643362333333383866363636
61333662343862343261623365343232656361623830626265613063653634353361633164303863
62633237323034306563623834613563636634386633353232366264343830363338666431363566
34633039373361623231663465633361393564616232366465653134333539643163323136373635
32663362383961373362336530663034663830653438363766366136333430303632663831333731
66303561383835343432376462666662623437643761306462366566653638313966613061313964
62623066613461636334303239386139386133623935366437376333343133363634633233616130
36333664343066333132646334303135306261366531396333613033373863393861343561383637
65303736333365613963376232663865326662623330393431653130376136383130643135613430
3465
